[Step 0]
action = "start"
X = 100.000000
Y = 216.000000
Angle = 180.000000